A=
        20        -20 
        20        -40 
        20        -60 
        20        -80 
        20       -120 
        20       -180 
        20       -200 
        20       -260 
        20       -300 
R = 
        60       -420 
         0    282.843 
Sigma =
      3600     -25200 
    -25200     256400 
Sigma_decomp =
  0.141421   0.989949 
 -0.989949   0.141421 
Sigma_inverse (covariance matrix) =
0.000890278   8.75e-05 
  8.75e-05   1.25e-05 
Half-life time = 4.04452 days
uncertainty in half-life time = 0.0834378 days
Half-life time (today) = 3.6319 days
Half-life time uncertainty (today) = 0.0023 days
c = 
   4.95867 
  0.171379 
dc = 
 0.0298375 
0.00353553 
Random matrix A = 
  0.840188   0.394383   0.783099 
   0.79844   0.911647   0.197551 
  0.335223    0.76823   0.277775 
   0.55397   0.477397   0.628871 
  0.364784   0.513401    0.95223 
  0.916195   0.635712   0.717297 

Results after decomposition: 
R = 
   1.65383    1.42152    1.36756 
   4.27667   0.672091 0.00506342 
   3.22684     2.7213   0.822139 
Q = 
  0.508025  -0.487711    0.11046 
  0.482782   0.335315  -0.564844 
  0.202695    0.71433 -0.00369724 
  0.334961 0.00184753   0.207728 
  0.220569   0.297366   0.789504 
  0.553983  -0.225844  -0.047639 

Checks:
Check that Q^T*Q = 1: 
Q^T*Q =
         1 3.33067e-16 4.64906e-16 
3.33067e-16          1 -9.19403e-17 
4.64906e-16 -9.19403e-17          1 
Check that QR=A:
QR=
 -0.889152   0.694976   0.783099 
  0.409805  -0.625461   0.197551 
   3.37824   0.758168   0.277775 
   1.23218    1.04269   0.628871 
   4.18412    2.66187    0.95223 
  -0.20339   0.506072   0.717297 
A = 
  0.840188   0.394383   0.783099 
   0.79844   0.911647   0.197551 
  0.335223    0.76823   0.277775 
   0.55397   0.477397   0.628871 
  0.364784   0.513401    0.95223 
  0.916195   0.635712   0.717297 
x=
  0.758544 
 0.0104447 
 -0.251506 
Ax =
  0.444485 
  0.565489 
  0.192443 
  0.267032 
 0.0425762 
   0.52121 
b=
  0.141603 
  0.606969 
 0.0163006 
  0.242887 
  0.137232 
  0.804177 
