Q1=0.7712380834203722557163019 calls=404
a = 0, b = 1.5708
Qcc=3.141592653589793115997963 calls=4
gsl=3.141592653589793115997963 calls=21
Q_inf = 3.141592661343869608003843 calls=424
gsl=3.141592653589793115997963 calls=45
